31.2832 169.109 8 kworker/u64:0
31.2832 173.067 8 kworker/u64:0
31.2832 168.708 8 kworker/u64:0
31.2832 171.433 8 kworker/u64:0
31.2832 167.406 8 kworker/u64:0
31.2832 169.751 8 kworker/u64:0
31.2831 237.979 8 kworker/u64:0
31.2831 245.974 8 kworker/u64:0
31.2831 238.2 8 kworker/u64:0
31.2831 241.025 8 kworker/u64:0
31.2831 238.329 8 kworker/u64:0
31.2832 216.298 8 kworker/u64:0
31.2831 241.165 8 kworker/u64:0
31.2831 236.947 8 kworker/u64:0
31.2831 239.783 8 kworker/u64:0
31.2831 221.117 8 kworker/u64:0
31.2831 235.114 8 kworker/u64:0
31.2831 238.36 8 kworker/u64:0
31.2832 217.981 8 kworker/u64:0
31.2831 234.051 8 kworker/u64:0
31.2832 220.926 8 kworker/u64:0
31.2831 236.536 8 kworker/u64:0
31.2832 217.631 8 kworker/u64:0
31.2831 232.709 8 kworker/u64:0
31.2832 220.667 8 kworker/u64:0
31.2831 235.845 8 kworker/u64:0
31.2832 217.099 8 kworker/u64:0
31.2832 219.925 8 kworker/u64:0
31.2831 231.907 8 kworker/u64:0
31.2832 217.029 8 kworker/u64:0
31.2831 236.887 8 kworker/u64:0
31.2832 219.544 8 kworker/u64:0
31.2832 217.029 8 kworker/u64:0
31.2832 219.615 8 kworker/u64:0
31.2832 216.629 8 kworker/u64:0
31.2832 219.364 8 kworker/u64:0
31.2832 214.504 8 kworker/u64:0
31.2832 217.681 8 kworker/u64:0
31.2832 305.607 8 kworker/u64:0
31.2831 1.38349e+07 8 kworker/u64:0
75.5751 38.543 8 kworker/u64:2
75.5751 34.025 8 kworker/u64:2
75.5751 93.706 8 kworker/u64:2
75.575 153.6 8 kworker/u64:2
75.5751 158.479 8 kworker/u64:2
75.5751 2.23843e+07 8 kworker/u64:2
31.2831 6.81962e+07 8 kworker/u64:2
31.2831 6.97122e+07 8 kworker/u64:2
31.2831 7.11766e+07 8 kworker/u64:2
31.2831 7.25811e+07 8 kworker/u64:2
31.2831 7.41157e+07 8 kworker/u64:2
31.2831 7.56451e+07 8 kworker/u64:2
31.2831 7.71775e+07 8 kworker/u64:2
31.2831 7.83518e+07 8 kworker/u64:2
75.5751 3.53773e+07 8 kworker/u64:2
31.2831 8.07362e+07 8 kworker/u64:2
31.2831 8.20494e+07 8 kworker/u64:2
31.2831 8.33872e+07 8 kworker/u64:2
31.2831 8.473e+07 8 kworker/u64:2
31.2831 8.60851e+07 8 kworker/u64:2
128.563 91.502 8 kworker/u64:0
128.563 51.066 8 kworker/u64:0
128.563 94.869 8 kworker/u64:0
128.563 55.715 8 kworker/u64:0
128.563 92.063 8 kworker/u64:0
128.563 51.878 8 kworker/u64:0
128.563 95.68 8 kworker/u64:0
128.563 89.83 8 kworker/u64:0
128.563 42.891 8 kworker/u64:0
128.563 92.425 8 kworker/u64:0
128.563 103.906 8 kworker/u64:0
128.563 108.725 8 kworker/u64:0
128.563 105.589 8 kworker/u64:0
128.563 108.264 8 kworker/u64:0
128.563 101.541 8 kworker/u64:0
128.563 104.427 8 kworker/u64:0
128.563 100.68 8 kworker/u64:0
128.563 103.505 8 kworker/u64:0
128.563 105.93 8 kworker/u64:0
128.563 108.685 8 kworker/u64:0
128.563 104.327 8 kworker/u64:0
128.563 108.174 8 kworker/u64:0
128.563 194.567 8 kworker/u64:0
128.563 221.468 8 kworker/u64:0
128.563 240.363 8 kworker/u64:0
128.563 227.699 8 kworker/u64:0
128.563 189.988 8 kworker/u64:0
128.563 194.618 8 kworker/u64:0
128.563 189.878 8 kworker/u64:0
128.563 250.322 8 kworker/u64:0
128.563 247.187 8 kworker/u64:0
128.563 280.709 8 kworker/u64:0
128.563 1.17491e+08 8 kworker/u64:0
276.531 46.317 8 kworker/u64:0
276.531 42.5 8 kworker/u64:0
276.531 39.484 8 kworker/u64:0
276.531 42.15 8 kworker/u64:0
276.531 40.105 8 kworker/u64:0
276.531 39.445 8 kworker/u64:0
